     42
          1         0     -11.5         0     3.429         1   963
          2         0    -14.83         0      3.43         1   964
          3         0    -18.16         0     3.429         1   965
          4         0    -21.49         0     3.429         1   966
          5         0    -24.82         0     3.429         1   967
          6         0    -28.15         0      3.43         1   968
          7         0    -31.48         0     3.429         1   969
          8         0    -34.81         0     3.429         1   970
          9         0    -38.13         0     3.429         1   971
         10         0    -41.46         0      3.43         1   972
         11         0    -44.79         0     3.429         1   973
         12         0    -48.12         0     3.429         1   974
         13         0    -51.45         0      3.43         1   975
         14         0    -54.78         0     3.429         1   976
         15         0    -58.11         0     3.429         1   977
         16         0    -61.44         0     3.429         1   978
         17         0    -64.77         0      3.43         1   979
         18         0     -68.1         0     3.429         1   980
         19         0    -71.43         0     3.429         1   981
         20         0    -74.76         0     3.429         1   982
         21         0    -78.08         0      3.43         1   983
         22         0    -81.42         0     3.429         1   984
         23         0    -84.74         0     3.429         1   985
         24         0    -88.07         0     3.429         1   986
         25         0     -91.4         0      3.43         1   987
         26         0    -94.73         0     3.429         1   988
         27         0    -98.06         0     3.429         1   989
         28         0    -101.4         0     3.429         1   990
         29         0    -104.7         0      3.43         1   991
         30         0      -108         0     3.429         1   992
         31         0    -111.4         0     3.429         1   993
         32         0    -114.7         0      3.43         1   994
         33         0      -118         0     3.429         1   995
         34         0    -121.4         0     3.429         1   996
         35         0    -124.7         0     3.429         1   997
         36         0      -128         0      3.43         1   998
         37         0    -131.4         0     3.429         1   999
         38         0    -134.7         0     3.429         1  1000
         39         0      -138         0      3.43         1  1001
         40         0    -141.3         0     3.429         1  1002
         41         0    -144.7         0     3.429         1  1003
         42         0      -148         0     3.429         1  1004
